	GenName	GenID	OrganismName	Taxonomy	Strand	TTT	TTC	TTA	TTG	TCT	TCC	TCA	TCG	TAT	TAC	TGT	TGC	TGA	TGG	CTT	CTC	CTA	CTG	CCT	CCC	CCA	CCG	CAT	CAC	CAA	CAG	CGT	CGC	CGA	CGG	ATT	ATC	ATA	ATG	ACT	ACC	ACA	ACG	AAT	AAC	AAA	AAG	AGT	AGC	AGA	AGG	GTT	GTC	GTA	GTG	GCT	GCC	GCA	GCG	GAT	GAC	GAA	GAG	GGT	GGC	GGA	GGG	TAA	TAG
0	None	YP_009389036.1	Diploscapter coronatus	Eukaryota, Metazoa, Ecdysozoa, Nematoda, Chromadorea, Rhabditida, Rhabditina, Rhabditomorpha, Rhabditoidea, Rhabditidae, Diploscapter	1	1.9555555555555555	0.044444444444444446	3.142857142857143	2.5714285714285716	4.631578947368421	0.0	0.0	0.0	2.0	0.0	2.0	0.0	2.0	0.0	0.2857142857142857	0.0	0.0	0.0	0.0	0.0	4.0	0.0	2.0	0.0	0.0	0.0	4.0	0.0	0.0	0.0	2.0	0.0	1.2	0.8	4.0	0.0	0.0	0.0	2.0	0.0	0.0	0.0	2.1052631578947367	0.0	0.8421052631578947	0.42105263157894735	3.3846153846153846	0.0	0.6153846153846154	0.0	0.0	0.0	0.0	0.0	2.0	0.0	0.0	0.0	4.0	0.0	0.0	0.0	0.0	0.0
1	None	YP_009389037.1	Diploscapter coronatus	Eukaryota, Metazoa, Ecdysozoa, Nematoda, Chromadorea, Rhabditida, Rhabditina, Rhabditomorpha, Rhabditoidea, Rhabditidae, Diploscapter	1	1.9285714285714286	0.07142857142857142	4.5	1.5	3.4285714285714284	0.0	0.0	0.0	2.0	0.0	2.0	0.0	0.0	0.0	0.0	0.0	0.0	0.0	0.0	0.0	0.0	0.0	0.0	0.0	0.0	0.0	4.0	0.0	0.0	0.0	2.0	0.0	1.2	0.8	0.0	0.0	0.0	0.0	2.0	0.0	2.0	0.0	2.2857142857142856	0.0	2.2857142857142856	0.0	4.0	0.0	0.0	0.0	4.0	0.0	0.0	0.0	2.0	0.0	1.0	1.0	2.6666666666666665	0.0	1.3333333333333333	0.0	0.0	0.0
2	None	YP_009389038.1	Diploscapter coronatus	Eukaryota, Metazoa, Ecdysozoa, Nematoda, Chromadorea, Rhabditida, Rhabditina, Rhabditomorpha, Rhabditoidea, Rhabditidae, Diploscapter	1	2.0	0.0	3.2	2.1333333333333333	4.8	0.0	0.0	0.0	2.0	0.0	2.0	0.0	2.0	0.0	0.4	0.0	0.26666666666666666	0.0	3.2	0.4	0.4	0.0	2.0	0.0	2.0	0.0	2.5	0.5	1.0	0.0	2.0	0.0	1.4545454545454546	0.5454545454545454	4.0	0.0	0.0	0.0	2.0	0.0	1.4285714285714286	0.5714285714285714	2.6666666666666665	0.0	0.5333333333333333	0.0	2.888888888888889	0.0	0.6666666666666666	0.4444444444444444	4.0	0.0	0.0	0.0	2.0	0.0	0.6666666666666666	1.3333333333333333	3.3333333333333335	0.3333333333333333	0.0	0.3333333333333333	1.0	0.0
3	None	YP_009389039.1	Diploscapter coronatus	Eukaryota, Metazoa, Ecdysozoa, Nematoda, Chromadorea, Rhabditida, Rhabditina, Rhabditomorpha, Rhabditoidea, Rhabditidae, Diploscapter	1	1.9583333333333333	0.041666666666666664	3.6923076923076925	1.6153846153846154	3.4782608695652173	0.0	0.6956521739130435	0.0	1.7142857142857142	0.2857142857142857	1.6666666666666667	0.3333333333333333	2.0	0.0	0.6923076923076923	0.0	0.0	0.0	4.0	0.0	0.0	0.0	2.0	0.0	1.5	0.5	4.0	0.0	0.0	0.0	2.0	0.0	0.5	1.5	3.4285714285714284	0.0	0.5714285714285714	0.0	2.0	0.0	1.5	0.5	1.7391304347826086	0.6956521739130435	1.391304347826087	0.0	3.764705882352941	0.0	0.23529411764705882	0.0	4.0	0.0	0.0	0.0	2.0	0.0	0.8571428571428571	1.1428571428571428	2.6666666666666665	0.0	0.6666666666666666	0.6666666666666666	0.0	1.0
4	None	YP_009389040.1	Diploscapter coronatus	Eukaryota, Metazoa, Ecdysozoa, Nematoda, Chromadorea, Rhabditida, Rhabditina, Rhabditomorpha, Rhabditoidea, Rhabditidae, Diploscapter	1	1.9433962264150944	0.05660377358490566	2.6341463414634148	1.7560975609756098	4.333333333333333	0.0	0.6666666666666666	0.0	1.8461538461538463	0.15384615384615385	1.5	0.5	1.6666666666666667	0.3333333333333333	1.4634146341463414	0.14634146341463414	0.0	0.0	4.0	0.0	0.0	0.0	2.0	0.0	1.3333333333333333	0.6666666666666666	4.0	0.0	0.0	0.0	1.8571428571428572	0.14285714285714285	1.6666666666666667	0.3333333333333333	3.0	0.5	0.5	0.0	1.7142857142857142	0.2857142857142857	1.0	1.0	2.3333333333333335	0.0	0.3333333333333333	0.3333333333333333	3.2	0.0	0.5333333333333333	0.26666666666666666	4.0	0.0	0.0	0.0	2.0	0.0	2.0	0.0	3.2	0.0	0.0	0.8	1.0	0.0
5	None	YP_009389041.1	Diploscapter coronatus	Eukaryota, Metazoa, Ecdysozoa, Nematoda, Chromadorea, Rhabditida, Rhabditina, Rhabditomorpha, Rhabditoidea, Rhabditidae, Diploscapter	1	1.9402985074626866	0.05970149253731343	3.0	2.3333333333333335	3.096774193548387	0.0	0.0	0.25806451612903225	2.0	0.0	2.0	0.0	1.6666666666666667	0.3333333333333333	0.6666666666666666	0.0	0.0	0.0	3.3333333333333335	0.0	0.6666666666666666	0.0	2.0	0.0	1.5	0.5	2.6666666666666665	1.3333333333333333	0.0	0.0	2.0	0.0	1.1578947368421053	0.8421052631578947	4.0	0.0	0.0	0.0	1.8	0.2	1.2727272727272727	0.7272727272727273	3.096774193548387	0.0	1.5483870967741935	0.0	2.962962962962963	0.0	1.037037037037037	0.0	3.7333333333333334	0.0	0.26666666666666666	0.0	2.0	0.0	2.0	0.0	3.2	0.0	0.8	0.0	0.0	0.0
6	None	YP_009389042.1	Diploscapter coronatus	Eukaryota, Metazoa, Ecdysozoa, Nematoda, Chromadorea, Rhabditida, Rhabditina, Rhabditomorpha, Rhabditoidea, Rhabditidae, Diploscapter	1	1.96	0.04	4.0588235294117645	1.0588235294117647	2.769230769230769	0.3076923076923077	0.0	0.3076923076923077	2.0	0.0	2.0	0.0	2.0	0.0	0.5294117647058824	0.0	0.0	0.35294117647058826	4.0	0.0	0.0	0.0	2.0	0.0	2.0	0.0	4.0	0.0	0.0	0.0	2.0	0.0	2.0	0.0	3.5555555555555554	0.0	0.0	0.4444444444444444	2.0	0.0	2.0	0.0	2.769230769230769	0.0	1.2307692307692308	0.6153846153846154	3.5294117647058822	0.0	0.47058823529411764	0.0	3.5555555555555554	0.0	0.0	0.4444444444444444	2.0	0.0	1.6666666666666667	0.3333333333333333	3.5555555555555554	0.0	0.4444444444444444	0.0	0.0	0.0
7	None	YP_009389043.1	Diploscapter coronatus	Eukaryota, Metazoa, Ecdysozoa, Nematoda, Chromadorea, Rhabditida, Rhabditina, Rhabditomorpha, Rhabditoidea, Rhabditidae, Diploscapter	1	1.9827586206896552	0.017241379310344827	4.125	1.40625	4.181818181818182	0.36363636363636365	0.9090909090909091	0.0	2.0	0.0	2.0	0.0	2.0	0.0	0.375	0.0	0.0	0.09375	4.0	0.0	0.0	0.0	2.0	0.0	2.0	0.0	4.0	0.0	0.0	0.0	1.9230769230769231	0.07692307692307693	1.5294117647058822	0.47058823529411764	3.5555555555555554	0.0	0.4444444444444444	0.0	2.0	0.0	1.5555555555555556	0.4444444444444444	1.0909090909090908	0.0	1.2727272727272727	0.18181818181818182	3.3684210526315788	0.0	0.631578947368421	0.0	4.0	0.0	0.0	0.0	2.0	0.0	1.7142857142857142	0.2857142857142857	3.25	0.0	0.75	0.0	0.0	0.0
8	None	YP_009389044.1	Diploscapter coronatus	Eukaryota, Metazoa, Ecdysozoa, Nematoda, Chromadorea, Rhabditida, Rhabditina, Rhabditomorpha, Rhabditoidea, Rhabditidae, Diploscapter	1	2.0	0.0	3.887323943661972	1.5211267605633803	2.6666666666666665	0.0	0.7843137254901961	0.0	2.0	0.0	2.0	0.0	1.8571428571428572	0.14285714285714285	0.5915492957746479	0.0	0.0	0.0	3.789473684210526	0.0	0.21052631578947367	0.0	1.7647058823529411	0.23529411764705882	2.0	0.0	4.0	0.0	0.0	0.0	2.0	0.0	1.4545454545454546	0.5454545454545454	2.375	0.0	1.5	0.125	2.0	0.0	1.8333333333333333	0.16666666666666666	2.3529411764705883	0.0	2.0392156862745097	0.1568627450980392	2.8292682926829267	0.0975609756097561	0.975609756097561	0.0975609756097561	3.6	0.0	0.4	0.0	2.0	0.0	0.6666666666666666	1.3333333333333333	3.183673469387755	0.16326530612244897	0.4897959183673469	0.16326530612244897	1.0	0.0
9	None	YP_009389045.1	Diploscapter coronatus	Eukaryota, Metazoa, Ecdysozoa, Nematoda, Chromadorea, Rhabditida, Rhabditina, Rhabditomorpha, Rhabditoidea, Rhabditidae, Diploscapter	1	2.0	0.0	2.4324324324324325	3.4054054054054053	2.88	0.0	0.0	0.0	2.0	0.0	2.0	0.0	1.6	0.4	0.16216216216216217	0.0	0.0	0.0	3.2	0.0	0.8	0.0	2.0	0.0	1.0	1.0	4.0	0.0	0.0	0.0	2.0	0.0	0.2857142857142857	1.7142857142857142	4.0	0.0	0.0	0.0	2.0	0.0	1.0	1.0	3.84	0.0	0.64	0.64	3.6	0.0	0.4	0.0	4.0	0.0	0.0	0.0	2.0	0.0	1.0	1.0	4.0	0.0	0.0	0.0	1.0	0.0
10	None	YP_009389046.1	Diploscapter coronatus	Eukaryota, Metazoa, Ecdysozoa, Nematoda, Chromadorea, Rhabditida, Rhabditina, Rhabditomorpha, Rhabditoidea, Rhabditidae, Diploscapter	1	2.0	0.0	3.0	2.625	4.0	1.3333333333333333	0.0	0.0	2.0	0.0	1.0	1.0	2.0	0.0	0.375	0.0	0.0	0.0	0.0	0.0	0.0	0.0	0.0	0.0	0.0	0.0	0.0	0.0	0.0	0.0	2.0	0.0	1.0	1.0	0.0	0.0	0.0	0.0	2.0	0.0	0.6666666666666666	1.3333333333333333	1.3333333333333333	0.0	0.0	1.3333333333333333	3.0	0.5	0.5	0.0	0.0	0.0	0.0	0.0	2.0	0.0	1.3333333333333333	0.6666666666666666	4.0	0.0	0.0	0.0	1.0	0.0
11	None	YP_009389047.1	Diploscapter coronatus	Eukaryota, Metazoa, Ecdysozoa, Nematoda, Chromadorea, Rhabditida, Rhabditina, Rhabditomorpha, Rhabditoidea, Rhabditidae, Diploscapter	1	1.9225806451612903	0.07741935483870968	3.1666666666666665	2.0833333333333335	2.6153846153846154	0.0	0.3076923076923077	0.0	2.0	0.0	2.0	0.0	1.7142857142857142	0.2857142857142857	0.6666666666666666	0.0	0.0	0.08333333333333333	4.0	0.0	0.0	0.0	2.0	0.0	1.0	1.0	4.0	0.0	0.0	0.0	1.9259259259259258	0.07407407407407407	1.0	1.0	3.7142857142857144	0.0	0.2857142857142857	0.0	1.9310344827586208	0.06896551724137931	1.6923076923076923	0.3076923076923077	3.6923076923076925	0.0	0.9230769230769231	0.46153846153846156	3.272727272727273	0.0	0.48484848484848486	0.24242424242424243	3.272727272727273	0.0	0.7272727272727273	0.0	2.0	0.0	0.5	1.5	3.2941176470588234	0.23529411764705882	0.47058823529411764	0.0	1.0	0.0
